mass    ggH          qqH         WH          ZH          ttH       BR(WW)      BR(ZZ)      BR(bb)      BR(tautau)  BR(gg)
110.0  25.040000    1.791000	1.060000    0.586900	0.188700  0.04820000  0.00439000  0.74500000  0.08020000  0.00197000
110.5  24.820000    1.783000	1.045000    0.578800	0.186460  0.05130000  0.00471000  0.74200000  0.07990000  0.00199000
111.0  24.600000    1.775000	1.030000    0.570800	0.184220  0.05460000  0.00505000  0.73800000  0.07960000  0.00200000
111.5  24.390000    1.766000	1.015000    0.562900	0.181980  0.05800000  0.00542000  0.73400000  0.07930000  0.00202000
112.0  24.180000    1.758000	0.999800    0.555200	0.179740  0.06160000  0.00582000  0.73000000  0.07890000  0.00204000
112.5  24.050000    1.750000	0.985200    0.547600	0.177500  0.06540000  0.00623000  0.72600000  0.07860000  0.00205000
113.0  23.760000    1.742000	0.970900    0.540200	0.175260  0.06930000  0.00668000  0.72200000  0.07820000  0.00207000
113.5  23.560000    1.733000	0.957000    0.532900	0.173020  0.07340000  0.00715000  0.71800000  0.07780000  0.00209000
114.0  23.360000    1.725000	0.943200    0.525800	0.170780  0.07760000  0.00764000  0.71400000  0.07740000  0.00210000
114.5  23.160000    1.717000	0.929700    0.518700	0.168540  0.08210000  0.00817000  0.70900000  0.07690000  0.00212000
115.0  22.960000    1.709000	0.916500    0.511700	0.166300  0.08670000  0.00872000  0.70400000  0.07650000  0.00213000
115.5  22.840000    1.701000	0.903500    0.504900	0.164370  0.09140000  0.00931000  0.69900000  0.07600000  0.00215000
116.0  22.580000    1.693000	0.890700    0.498100	0.162440  0.09640000  0.00992000  0.69400000  0.07550000  0.00216000
116.5  22.390000    1.686000	0.878200    0.491600	0.160510  0.10200000  0.01060000  0.68900000  0.07500000  0.00217000
117.0  22.200000    1.678000	0.865900    0.485000	0.158580  0.10700000  0.01120000  0.68400000  0.07450000  0.00218000
117.5  22.090000    1.670000	0.853800    0.478700	0.156650  0.11200000  0.01200000  0.67800000  0.07400000  0.00220000
118.0  21.900000    1.661000	0.842000    0.472400	0.154720  0.11800000  0.01270000  0.67300000  0.07340000  0.00221000
118.5  21.720000    1.654000	0.830300    0.466200	0.152790  0.12400000  0.01350000  0.66700000  0.07280000  0.00222000
119.0  21.550000    1.647000	0.818700    0.460200	0.150860  0.13000000  0.01430000  0.66100000  0.07220000  0.00223000
119.5  21.370000    1.639000	0.807500    0.454200	0.148930  0.13600000  0.01510000  0.65500000  0.07160000  0.00224000
120.0  21.200000    1.632000	0.796600    0.448300	0.147000  0.14300000  0.01600000  0.64800000  0.07100000  0.00225000
120.5  20.960000    1.624000	0.785900    0.442600	0.145320  0.14900000  0.01690000  0.64200000  0.07030000  0.00226000
121.0  20.860000    1.617000	0.775300    0.436800	0.143640  0.15600000  0.01790000  0.63500000  0.06970000  0.00226000
121.5  20.690000    1.609000	0.764900    0.431200	0.141960  0.16300000  0.01880000  0.62800000  0.06900000  0.00227000
122.0  20.530000    1.602000	0.754700    0.425700	0.140280  0.17000000  0.01990000  0.62100000  0.06830000  0.00228000
122.5  20.370000    1.595000	0.744600    0.420300	0.138600  0.17700000  0.02090000  0.61400000  0.06750000  0.00228000
123.0  20.210000    1.588000	0.734700    0.415000	0.136920  0.18500000  0.02200000  0.60700000  0.06680000  0.00228000
123.5  20.040000    1.580000	0.724900    0.409600	0.135240  0.19200000  0.02310000  0.60000000  0.06600000  0.00229000
124.0  19.830000    1.573000    0.715400    0.404400    0.133400   0.200000   0.024200   0.592000   0.065300   0.002290
124.1  19.799760    1.571628    0.713519    0.403374    0.133081   0.201621   0.024435   0.590546   0.065148   0.002290
124.2  19.770030    1.570239    0.711639    0.402350    0.132762   0.203224   0.024674   0.589160   0.064989   0.002290
124.3  19.740430    1.568835    0.709759    0.401329    0.132443   0.204816   0.024917   0.587799   0.064826   0.002290
124.4  19.710550    1.567421    0.707880    0.400312    0.132122   0.206405   0.025159   0.586426   0.064662   0.002290
124.5  19.680000    1.566000    0.706000    0.399300    0.131800   0.208000   0.025400   0.585000   0.064500   0.002290
124.6  19.648530    1.564576    0.704119    0.398294    0.131476   0.209605   0.025637   0.583492   0.064342   0.002290
124.7  19.616390    1.563155    0.702238    0.397292    0.131151   0.211216   0.025873   0.581914   0.064185   0.002290
124.8  19.583990    1.561747    0.700357    0.396294    0.130829   0.212824   0.026110   0.580291   0.064028   0.002290
124.9  19.551730    1.560360    0.698477    0.395297    0.130511   0.214421   0.026352   0.578645   0.063867   0.002290
125.0  19.570000    1.559000    0.696600    0.394300    0.130200   0.216000   0.026600   0.577000   0.063700   0.002290
125.1  19.489100    1.557669    0.694726    0.393302    0.129897   0.217557   0.026857   0.575375   0.063524   0.002290
125.2  19.458880    1.556339    0.692857    0.392304    0.129600   0.219112   0.027120   0.573768   0.063343   0.002290
125.3  19.429120    1.554975    0.690995    0.391304    0.129304   0.220688   0.027384   0.572174   0.063160   0.002290
125.4  19.399570    1.553540    0.689142    0.390302    0.129005   0.222309   0.027645   0.570586   0.062977   0.002290
125.5  19.370000    1.552000    0.687300    0.389300    0.128700   0.224000   0.027900   0.569000   0.062800   0.002290
125.6  19.340210    1.550339    0.685470    0.388297    0.128385   0.225773   0.028145   0.567410   0.062630   0.002290
125.7  19.310240    1.548623    0.683648    0.387294    0.128063   0.227600   0.028384   0.565815   0.062467   0.002290
125.8  19.280160    1.546937    0.681832    0.386293    0.127739   0.229440   0.028619   0.564215   0.062309   0.002290
125.9  19.250050    1.545368    0.680017    0.385294    0.127417   0.231253   0.028857   0.562610   0.062154   0.002290
126.0  19.220000    1.544000    0.678200    0.384300    0.127100   0.233000   0.029100   0.561000   0.062000   0.002290
126.1  19.190050    1.542886    0.676378    0.383311    0.126792   0.234653   0.029352   0.559386   0.061846   0.002290
126.2  19.160160    1.541944    0.674554    0.382327    0.126491   0.236240   0.029611   0.557773   0.061690   0.002290
126.3  19.130240    1.541060    0.672730    0.381347    0.126194   0.237800   0.029874   0.556167   0.061531   0.002290
126.4  19.100210    1.540117    0.670911    0.380372    0.125898   0.239374   0.030138   0.554574   0.061368   0.002290
126.5  19.070000    1.539000    0.669100    0.379400    0.125600   0.241000   0.030400   0.553000   0.061200   0.002290
126.6  19.039570    1.537628    0.667300    0.378431    0.125298   0.242708   0.030658   0.551446   0.061026   0.002290
126.7  19.009120    1.536055    0.665510    0.377467    0.124994   0.244486   0.030914   0.549892   0.060848   0.002290
126.8  18.978880    1.534368    0.663731    0.376506    0.124691   0.246310   0.031171   0.548316   0.060666   0.002290
126.9  18.949090    1.532654    0.661961    0.375550    0.124392   0.248156   0.031432   0.546693   0.060483   0.002290
127.0  18.920000    1.531000    0.660200    0.374600    0.124100   0.250000   0.031700   0.545000   0.060300   0.002290
127.5  18.780000    1.524000	0.651500    0.369900	0.122950  0.25900000  0.03310000  0.53600000  0.05940000  0.00229000
128.0  18.670000    1.517000	0.642900    0.365200	0.121500  0.26800000  0.03440000  0.52800000  0.05850000  0.00228000
128.5  18.530000    1.511000	0.634400    0.360600	0.120050  0.27700000  0.03580000  0.51900000  0.05760000  0.00228000
129.0  18.390000    1.504000	0.626000    0.356100	0.118600  0.28600000  0.03720000  0.51100000  0.05670000  0.00227000
129.5  18.210000    1.497000	0.617700    0.351600	0.117150  0.29500000  0.03870000  0.50200000  0.05580000  0.00227000
130.0  18.110000    1.490000	0.609500    0.347300	0.115700  0.30500000  0.04010000  0.49300000  0.05480000  0.00226000
130.5  17.980000    1.483000	0.601500    0.343000	0.114440  0.31400000  0.04160000  0.48400000  0.05390000  0.00225000
131.0  17.840000    1.477000	0.593600    0.338800	0.113180  0.32400000  0.04300000  0.47600000  0.05290000  0.00224000
131.5  17.680000    1.470000	0.585900    0.334700	0.111920  0.33300000  0.04450000  0.46700000  0.05200000  0.00223000
132.0  17.550000    1.463000	0.578300    0.330600	0.110660  0.34300000  0.04600000  0.45800000  0.05100000  0.00222000
132.5  17.420000    1.458000	0.570800    0.326600	0.109400  0.35300000  0.04750000  0.44900000  0.05010000  0.00221000
133.0  17.290000    1.451000	0.563400    0.322600	0.108140  0.36300000  0.04900000  0.44000000  0.04910000  0.00219000
133.5  17.190000    1.444000	0.556200    0.318800	0.106880  0.37300000  0.05050000  0.43100000  0.04810000  0.00218000
134.0  17.070000    1.439000	0.549100    0.314900	0.105620  0.38300000  0.05200000  0.42100000  0.04710000  0.00217000
134.5  16.920000    1.432000	0.542000    0.311200	0.104360  0.39200000  0.05350000  0.41200000  0.04610000  0.00215000
135.0  16.820000    1.425000	0.535100    0.307400	0.103100  0.40300000  0.05500000  0.40300000  0.04520000  0.00213000
135.5  16.700000    1.419000	0.528300    0.303800	0.102000  0.41300000  0.05650000  0.39400000  0.04420000  0.00212000
136.0  16.600000    1.413000	0.521500    0.300100	0.100900  0.42300000  0.05800000  0.38500000  0.04320000  0.00210000
136.5  16.460000    1.407000	0.514900    0.296600	0.099800  0.43300000  0.05940000  0.37600000  0.04220000  0.00208000
137.0  16.360000    1.401000	0.508400    0.293000	0.098700  0.44300000  0.06090000  0.36700000  0.04120000  0.00206000
137.5  16.240000    1.395000	0.502000    0.289500	0.097600  0.45300000  0.06230000  0.35800000  0.04020000  0.00204000
138.0  16.130000    1.388000	0.495600    0.286100	0.096500  0.46300000  0.06370000  0.34900000  0.03930000  0.00202000
138.5  16.010000    1.382000	0.489400    0.282700	0.095400  0.47300000  0.06510000  0.34000000  0.03830000  0.00200000
139.0  15.890000    1.376000	0.483300    0.279300	0.094300  0.48300000  0.06640000  0.33100000  0.03730000  0.00198000
139.5  15.780000    1.370000	0.477200    0.276000	0.093200  0.49300000  0.06770000  0.32200000  0.03630000  0.00196000
140.0  15.670000    1.365000	0.471300    0.272800	0.092100  0.50300000  0.06900000  0.31400000  0.03540000  0.00193000
141.0  15.430000    1.352000	0.459700    0.266400	0.090180  0.52300000  0.07150000  0.29600000  0.03350000  0.00189000
142.0  15.200000    1.341000	0.448400    0.260100	0.088260  0.54300000  0.07380000  0.27900000  0.03160000  0.00184000
143.0  14.980000    1.329000	0.437500    0.254100	0.086340  0.56300000  0.07590000  0.26300000  0.02970000  0.00178000
144.0  14.790000    1.317000	0.426800    0.248200	0.084420  0.58300000  0.07780000  0.24600000  0.02790000  0.00173000
145.0  14.590000    1.306000	0.416400    0.242400	0.082500  0.60200000  0.07940000  0.23000000  0.02610000  0.00167000
146.0  14.400000    1.295000	0.406200    0.236800	0.080800  0.62100000  0.08080000  0.21500000  0.02440000  0.00162000
147.0  14.310000    1.284000	0.396300    0.231400	0.079100  0.64000000  0.08180000  0.20000000  0.02270000  0.00156000
148.0  14.110000    1.272000	0.386700    0.226100	0.077400  0.66000000  0.08250000  0.18500000  0.02110000  0.00149000
149.0  13.920000    1.261000	0.377300    0.220900	0.075700  0.67900000  0.08280000  0.17000000  0.01940000  0.00143000
150.0  13.650000    1.251000	0.368100    0.215900	0.074000  0.69800000  0.08270000  0.15600000  0.01780000  0.00136000
151.0  13.330000    1.240000	0.359300    0.211000	0.072520  0.71700000  0.08210000  0.14300000  0.01630000  0.00130000
152.0  13.120000    1.229000	0.350700    0.206300	0.071040  0.73600000  0.08090000  0.12900000  0.01480000  0.00123000
153.0  12.970000    1.218000	0.342200    0.201600	0.069560  0.75600000  0.07920000  0.11600000  0.01330000  0.00115000
154.0  12.860000    1.208000	0.333700    0.196900	0.068080  0.77500000  0.07670000  0.10400000  0.01190000  0.00108000
155.0  12.840000    1.197000	0.325200    0.192300	0.066600  0.79500000  0.07350000  0.09170000  0.01050000  0.00099900
156.0  12.920000    1.187000	0.315700    0.187100	0.065300  0.81600000  0.06930000  0.07960000  0.00916000  0.00091400
157.0  12.840000    1.176000	0.306400    0.182100	0.064000  0.83800000  0.06410000  0.06780000  0.00781000  0.00082500
158.0  12.520000    1.166000	0.297500    0.177300	0.062700  0.86100000  0.05760000  0.05620000  0.00648000  0.00072900
159.0  12.170000    1.155000	0.289200    0.172800	0.061400  0.88500000  0.04990000  0.04480000  0.00518000  0.00062800
160.0  11.980000    1.146000	0.281700    0.168700	0.060100  0.90800000  0.04150000  0.03430000  0.00396000  0.00053200
162.0  11.960000    1.136000	0.272000    0.163400	0.057820  0.94300000  0.02820000  0.01960000  0.00227000  0.00037000
164.0  11.270000    1.123000	0.263700    0.158700	0.055540  0.95700000  0.02310000  0.01350000  0.00157000  0.00025900
166.0  10.690000    1.106000	0.254300    0.153300	0.053380  0.96200000  0.02180000  0.01060000  0.00124000  0.00020800
168.0  10.400000    1.088000	0.243600    0.147100	0.051340  0.96400000  0.02220000  0.00899000  0.00105000  0.00017800
170.0  10.150000    1.070000	0.232900    0.140800	0.049300  0.96400000  0.02360000  0.00787000  0.00091900  0.00015800
172.0	9.895000    1.052000	0.222900    0.135000	0.047500  0.96300000  0.02610000  0.00705000  0.00082500  0.00014300
174.0	9.637000    1.035000	0.213500    0.129400	0.045700  0.96000000  0.02980000  0.00640000  0.00075100  0.00013200
176.0	9.429000    1.017000	0.204500    0.123900	0.044000  0.95600000  0.03540000  0.00586000  0.00069000  0.00012200
178.0	9.203000    1.000000	0.196100    0.118600	0.042400  0.94700000  0.04440000  0.00540000  0.00063600  0.00011300
180.0	8.923000    0.982000	0.188300    0.113700	0.040800  0.93200000  0.06020000  0.00497000  0.00058700  0.00010500
182.0	8.634000    0.967000	0.181400    0.109500	0.039400  0.90300000  0.09000000  0.00451000  0.00053400  0.00009680
184.0	8.410000    0.955800	0.174800    0.105700	0.038000  0.86200000  0.13100000  0.00405000  0.00048100  0.00008810
186.0	8.219000    0.942900	0.168300    0.101800	0.036660  0.82800000  0.16600000  0.00367000  0.00043700  0.00008090
188.0	7.994000    0.928600	0.161900    0.097980	0.035380  0.80300000  0.19100000  0.00338000  0.00040300  0.00007520
190.0	7.984000    0.913900	0.155600    0.094280	0.034100  0.78600000  0.20900000  0.00315000  0.00037600  0.00007050
192.0	7.724000    0.899800	0.149800    0.090790	0.032980  0.77200000  0.22300000  0.00295000  0.00035300  0.00006660
194.0	7.443000    0.885400	0.144300    0.087450	0.031860  0.76100000  0.23400000  0.00278000  0.00033300  0.00006320
196.0	7.430000    0.871400	0.138900    0.084260	0.030780  0.75300000  0.24300000  0.00263000  0.00031600  0.00006020
198.0	7.237000    0.857400	0.133600    0.081200	0.029740  0.74600000  0.25000000  0.00250000  0.00030100  0.00005750
200.0	7.127000    0.844100	0.128600    0.078270	0.028700  0.74100000  0.25500000  0.00238000  0.00028700  0.00005510
202.0	7.002000    0.830900	0.123800    0.075450	0.027840  0.73600000  0.26000000  0.00227000  0.00027500  0.00005290
204.0	6.885000    0.817800	0.119300    0.072740	0.026980  0.73200000  0.26500000  0.00218000  0.00026300  0.00005080
206.0	6.767000    0.805100	0.115000    0.070140	0.026120  0.72800000  0.26800000  0.00209000  0.00025300  0.00004890
208.0	6.644000    0.792700	0.110900    0.067650	0.025260  0.72500000  0.27100000  0.00200000  0.00024300  0.00004710
210.0	6.534000    0.780500	0.107000    0.065260	0.024400  0.72300000  0.27400000  0.00192000  0.00023400  0.00004540
212.0	6.421000    0.768700	0.103200    0.062990	0.023700  0.72100000  0.27600000  0.00185000  0.00022500  0.00004390
214.0	6.327000    0.756800	0.099580    0.060800	0.023000  0.71900000  0.27800000  0.00178000  0.00021800  0.00004240
216.0	6.249000    0.745200	0.096110    0.058710	0.022300  0.71700000  0.28000000  0.00172000  0.00021000  0.00004100
218.0	6.138000    0.734000	0.092790    0.056700	0.021600  0.71500000  0.28200000  0.00166000  0.00020300  0.00003960
220.0	6.038000    0.722900	0.089610    0.054760	0.020900  0.71400000  0.28400000  0.00160000  0.00019600  0.00003840
222.0	5.938000    0.712000	0.086570    0.052900	0.020340  0.71200000  0.28500000  0.00155000  0.00019000  0.00003720
224.0	5.851000    0.701600	0.083650    0.051100	0.019780  0.71100000  0.28600000  0.00150000  0.00018400  0.00003600
226.0	5.776000    0.691300	0.080850    0.049370	0.019220  0.71000000  0.28700000  0.00145000  0.00017800  0.00003490
228.0	5.680000    0.680800	0.078170    0.047710	0.018660  0.70900000  0.28800000  0.00140000  0.00017300  0.00003390
230.0	5.593000    0.670700	0.075590    0.046140	0.018100  0.70800000  0.28900000  0.00136000  0.00016800  0.00003280
232.0	5.513000    0.661000	0.073080    0.044600	0.017620  0.70700000  0.29000000  0.00132000  0.00016300  0.00003190
234.0	5.438000    0.651300	0.070670    0.043110	0.017140  0.70600000  0.29100000  0.00128000  0.00015800  0.00003090
236.0	5.352000    0.641800	0.068350    0.041690	0.016660  0.70600000  0.29200000  0.00124000  0.00015400  0.00003010
238.0	5.272000    0.632600	0.066120    0.040320	0.016180  0.70500000  0.29300000  0.00120000  0.00015000  0.00002920
240.0	5.183000    0.623400	0.063980    0.039010	0.015700  0.70400000  0.29400000  0.00117000  0.00014500  0.00002840
242.0	5.101000    0.614400	0.061940    0.037750	0.015320  0.70400000  0.29400000  0.00113000  0.00014200  0.00002760
244.0	5.020000    0.605600	0.059970    0.036530	0.014940  0.70300000  0.29500000  0.00110000  0.00013800  0.00002680
246.0	4.945000    0.596900	0.058080    0.035360	0.014560  0.70200000  0.29600000  0.00107000  0.00013400  0.00002610
248.0	4.874000    0.588500	0.056260    0.034230	0.014180  0.70200000  0.29600000  0.00104000  0.00013100  0.00002540
250.0	4.802000    0.580200	0.054500    0.033140	0.013800  0.70100000  0.29700000  0.00101000  0.00012700  0.00002470
252.0	4.734000    0.572000	0.052800    0.032080	0.013480  0.70100000  0.29700000  0.00098700  0.00012400  0.00002410
254.0	4.667000    0.564000	0.051160    0.031060	0.013160  0.70000000  0.29800000  0.00096100  0.00012100  0.00002340
256.0	4.602000    0.556200	0.049580    0.030070	0.012840  0.70000000  0.29800000  0.00093600  0.00011800  0.00002280
258.0	4.539000    0.548400	0.048060    0.029120	0.012520  0.69900000  0.29900000  0.00091200  0.00011500  0.00002220
260.0	4.479000    0.540800	0.046600    0.028210	0.012200  0.69900000  0.29900000  0.00088900  0.00011200  0.00002160
262.0	4.421000    0.533300	0.045220    0.027340	0.011920  0.69800000  0.30000000  0.00086700  0.00011000  0.00002110
264.0	4.366000    0.525900	0.043890    0.026500	0.011640  0.69800000  0.30000000  0.00084600  0.00010700  0.00002060
266.0	4.308000    0.518700	0.042600    0.025690	0.011360  0.69800000  0.30100000  0.00082500  0.00010500  0.00002010
268.0	4.253000    0.511600	0.041360    0.024910	0.011080  0.69700000  0.30100000  0.00080500  0.00010200  0.00001960
270.0	4.198000    0.504700	0.040160    0.024150	0.010800  0.69700000  0.30200000  0.00078600  0.00010000  0.00001910
272.0	4.149000    0.497800	0.038970    0.023420	0.010580  0.69600000  0.30200000  0.00076800  0.00009790  0.00001860
274.0	4.100000    0.491000	0.037820    0.022720	0.010360  0.69600000  0.30200000  0.00075000  0.00009580  0.00001820
276.0	4.053000    0.484500	0.036710    0.022040	0.010140  0.69600000  0.30300000  0.00073300  0.00009370  0.00001770
278.0	4.008000    0.478000	0.035630    0.021380	0.009920  0.69500000  0.30300000  0.00071600  0.00009170  0.00001730
280.0	3.964000    0.471500	0.034590    0.020750	0.009700  0.69500000  0.30400000  0.00070000  0.00008980  0.00001690
282.0	3.921000    0.465200	0.033590    0.020140	0.009500  0.69500000  0.30400000  0.00068400  0.00008790  0.00001650
284.0	3.880000    0.459000	0.032630    0.019540	0.009300  0.69400000  0.30400000  0.00066900  0.00008610  0.00001610
286.0	3.841000    0.453000	0.031700    0.018970	0.009100  0.69400000  0.30500000  0.00065500  0.00008430  0.00001570
288.0	3.803000    0.447000	0.030800    0.018420	0.008900  0.69400000  0.30500000  0.00064100  0.00008260  0.00001540
290.0	3.767000    0.471600	0.029930    0.017880	0.008700  0.69300000  0.30500000  0.00062700  0.00008090  0.00001500
295.0	3.683000    0.456200	0.027890    0.016620	0.008300  0.69200000  0.30600000  0.00059500  0.00007700  0.00001420
300.0	3.606000    0.440800	0.026020    0.015470	0.007900  0.69200000  0.30700000  0.00056500  0.00007340  0.00001340
305.0	3.539000    0.426600	0.000000    0.000000	0.000000  0.69100000  0.30800000  0.00053700  0.00007000  0.00001270
310.0	3.482000    0.413100	0.000000    0.000000	0.000000  0.69000000  0.30800000  0.00051200  0.00006680  0.00001210
315.0	3.434000    0.399900	0.000000    0.000000	0.000000  0.69000000  0.30900000  0.00048800  0.00006390  0.00001140
320.0	3.392000    0.387500	0.000000    0.000000	0.000000  0.68900000  0.30900000  0.00046600  0.00006120  0.00001090
325.0	3.364000    0.375300	0.000000    0.000000	0.000000  0.68900000  0.31000000  0.00044500  0.00005860  0.00001030
330.0	3.349000    0.363700	0.000000    0.000000	0.000000  0.68800000  0.31000000  0.00042600  0.00005630  0.00000983
335.0	3.349000    0.352600	0.000000    0.000000	0.000000  0.68700000  0.31100000  0.00040900  0.00005410  0.00000937
340.0	3.367000    0.342200	0.000000    0.000000	0.000000  0.68700000  0.31100000  0.00039200  0.00005200  0.00000891
345.0	3.405000    0.330300	0.000000    0.000000	0.000000  0.68500000  0.31100000  0.00037700  0.00005020  0.00000844
350.0	3.406000    0.320000	0.000000    0.000000	0.000000  0.67600000  0.30700000  0.00035700  0.00004760  0.00000772
360.0	3.390000    0.302800	0.000000    0.000000	0.000000  0.65100000  0.29700000  0.00031500  0.00004230  0.00000625
370.0	3.336000    0.289600	0.000000    0.000000	0.000000  0.62800000  0.28700000  0.00028100  0.00003780  0.00000503
380.0	3.235000    0.277600	0.000000    0.000000	0.000000  0.60900000  0.27900000  0.00025200  0.00003400  0.00000405
390.0	3.093000    0.266000	0.000000    0.000000	0.000000  0.59400000  0.27300000  0.00022800  0.00003090  0.00000327
400.0	2.924000    0.254300	0.000000    0.000000	0.000000  0.58200000  0.26900000  0.00020800  0.00002840  0.00000264
420.0	2.552000    0.231700	0.000000    0.000000	0.000000  0.56400000  0.26300000  0.00017600  0.00002430  0.00000174
440.0	2.180000    0.210300	0.000000    0.000000	0.000000  0.55400000  0.26000000  0.00015300  0.00002120  0.00000114
450.0	2.003000    0.175100	0.000000    0.000000	0.000000  0.55150000  0.25950000  0.00014400  0.00002000  0.00000075
460.0	1.837000    0.190500	0.000000    0.000000	0.000000  0.54900000  0.25900000  0.00013500  0.00001880  0.00000049
480.0	1.538000    0.172400	0.000000    0.000000	0.000000  0.54600000  0.25900000  0.00012000  0.00001690  0.00000031
500.0	1.283000    0.156100	0.000000    0.000000	0.000000  0.54600000  0.26100000  0.00010800  0.00001530  0.00000020
520.0	1.069000    0.141400	0.000000    0.000000	0.000000  0.54700000  0.26200000  0.00009800  0.00001400  0.00000012
540.0	0.891200    0.128300	0.000000    0.000000	0.000000  0.54900000  0.26500000  0.00008950  0.00001280  0.00000010
550.0	0.814100    0.103800	0.000000    0.000000	0.000000  0.55505000  0.26600000  0.00008580  0.00001230  0.00000008
560.0	0.744200    0.116600	0.000000    0.000000	0.000000  0.55200000  0.26700000  0.00008210  0.00001180  0.00000006
580.0	0.622900    0.106200	0.000000    0.000000	0.000000  0.55500000  0.27000000  0.00007570  0.00001100  0.00000005
600.0	0.523000    0.096880	0.000000    0.000000	0.000000  0.55800000  0.27200000  0.00007000  0.00001020  0.00000005
620.0	0.440300    0.088610	0.000000    0.000000	0.000000  0.56200000  0.27500000  0.00006500  0.00000953  0.00000005
640.0	0.371800    0.081210	0.000000    0.000000	0.000000  0.56600000  0.27700000  0.00006050  0.00000891  0.00000005
650.0	0.342300    0.063970	0.000000    0.000000	0.000000  0.56750000  0.27850000  0.00005850  0.00000863  0.00000006
660.0	0.315200    0.074590	0.000000    0.000000	0.000000  0.56900000  0.28000000  0.00005640  0.00000835  0.00000007
680.0	0.268000    0.068650	0.000000    0.000000	0.000000  0.57300000  0.28200000  0.00005270  0.00000784  0.00000009
700.0	0.228800    0.063300	0.000000    0.000000	0.000000  0.57700000  0.28500000  0.00004940  0.00000737  0.00000011
720.0	0.196200    0.058530	0.000000    0.000000	0.000000  0.58100000  0.28700000  0.00004630  0.00000694  0.00000014
740.0	0.168700    0.054200	0.000000    0.000000	0.000000  0.58400000  0.28900000  0.00004340  0.00000655  0.00000017
750.0	0.156600    0.040580	0.000000    0.000000	0.000000  0.58600000  0.29000000  0.00004210  0.00000636  0.00000018
760.0	0.145500    0.050320	0.000000    0.000000	0.000000  0.58800000  0.29100000  0.00004080  0.00000618  0.00000019
780.0	0.126000    0.046820	0.000000    0.000000	0.000000  0.59100000  0.29300000  0.00003840  0.00000583  0.00000022
800.0	0.109500    0.043650	0.000000    0.000000	0.000000  0.59400000  0.29500000  0.00003620  0.00000552  0.00000024
820.0	0.095470    0.040780	0.000000    0.000000	0.000000  0.59700000  0.29700000  0.00003410  0.00000522  0.00000027
840.0	0.083460    0.038150	0.000000    0.000000	0.000000  0.60100000  0.29900000  0.00003210  0.00000494  0.00000029
850.0	0.078110    0.026320	0.000000    0.000000	0.000000  0.60200000  0.30000000  0.00003120  0.00000480  0.00000030
860.0	0.073210    0.035790	0.000000    0.000000	0.000000  0.60400000  0.30100000  0.00003030  0.00000467  0.00000032
880.0	0.064430    0.033630	0.000000    0.000000	0.000000  0.60600000  0.30300000  0.00002860  0.00000442  0.00000034
900.0	0.056840    0.031640	0.000000    0.000000	0.000000  0.60900000  0.30400000  0.00002700  0.00000419  0.00000036
920.0	0.050300    0.029860	0.000000    0.000000	0.000000  0.61200000  0.30600000  0.00002550  0.00000397  0.00000038
940.0	0.044630    0.028200	0.000000    0.000000	0.000000  0.61400000  0.30700000  0.00002410  0.00000376  0.00000039
950.0	0.042060    0.017190	0.000000    0.000000	0.000000  0.61600000  0.30800000  0.00002340  0.00000366  0.00000040
960.0	0.039690    0.026690	0.000000    0.000000	0.000000  0.61700000  0.30800000  0.00002270  0.00000356  0.00000041
980.0	0.035390    0.025240	0.000000    0.000000	0.000000  0.61900000  0.31000000  0.00002150  0.00000338  0.00000043
1000.0  0.031630    0.023990    0.000000    0.000000    0.000000  0.62100000  0.31100000  0.00002030  0.00000320  0.00000044
