90.0 	29.47 	1.710   1.640    0.8597   0.2162    2.09E-03   4.21E-04  8.12E-01  8.41E-02
95.0 	26.58 	1.628 	1.392 	 0.7348   0.1880    4.72E-03   6.72E-04  8.03E-01  8.41E-02
100.0 	24.02 	1.546 	1.186 	 0.6313   0.1638    1.11E-02   1.13E-03  7.91E-01  8.36E-02
105.0 	21.78 	1.472 	1.018 	 0.5449   0.1433    2.43E-02   2.15E-03  7.73E-01  8.25E-02
110.0 	19.84 	1.398 	0.8754   0.4721   0.1257    4.82E-02   4.39E-03  7.45E-01  8.02E-02
110.5 	19.65 	1.391 	0.8623   0.4655   0.1241    5.13E-02   4.71E-03  7.42E-01  7.99E-02
111.0 	19.48 	1.384 	0.8495   0.4589   0.1225    5.46E-02   5.05E-03  7.38E-01  7.96E-02
111.5 	19.30 	1.378 	0.8368   0.4525   0.1209    5.80E-02   5.42E-03  7.34E-01  7.93E-02
112.0 	19.13 	1.371 	0.8244   0.4462   0.1194    6.16E-02   5.82E-03  7.30E-01  7.89E-02
112.5 	18.95 	1.364 	0.8122   0.4400   0.1179    6.54E-02   6.23E-03  7.26E-01  7.86E-02
113.0 	18.79 	1.358 	0.8003   0.4340   0.1164    6.93E-02   6.68E-03  7.22E-01  7.82E-02
113.5 	18.62 	1.351 	0.7885   0.4280   0.1149    7.34E-02   7.15E-03  7.18E-01  7.78E-02
114.0 	18.45 	1.345 	0.7770   0.4221   0.1134    7.76E-02   7.64E-03  7.14E-01  7.74E-02
114.5 	18.29 	1.339 	0.7657   0.4164   0.1120    8.21E-02   8.17E-03  7.09E-01  7.69E-02
115.0 	18.13 	1.332 	0.7546   0.4107   0.1106    8.67E-02   8.72E-03  7.04E-01  7.65E-02
115.5 	17.97 	1.326 	0.7439   0.4052   0.1092    9.14E-02   9.31E-03  6.99E-01  7.60E-02
116.0 	17.82 	1.319 	0.7333   0.3998   0.1078    9.64E-02   9.92E-03  6.94E-01  7.55E-02
116.5 	17.66 	1.313 	0.7230   0.3945   0.1065    1.02E-01   1.06E-02  6.89E-01  7.50E-02
117.0 	17.51 	1.307 	0.7129   0.3893   0.1051    1.07E-01   1.12E-02  6.84E-01  7.45E-02
117.5 	17.36 	1.300 	0.7030   0.3842   0.1038    1.12E-01   1.20E-02  6.78E-01  7.40E-02
118.0 	17.21 	1.294 	0.6933   0.3791   0.1025    1.18E-01   1.27E-02  6.73E-01  7.34E-02
118.5 	17.06 	1.288 	0.6837   0.3742   0.1013    1.24E-01   1.35E-02  6.67E-01  7.28E-02
119.0 	16.92 	1.282 	0.6744   0.3693   0.1000    1.30E-01   1.43E-02  6.61E-01  7.22E-02
119.5 	16.78 	1.276 	0.6651   0.3645   0.09878   1.36E-01   1.51E-02  6.55E-01  7.16E-02
120.0 	16.63 	1.269 	0.6561   0.3598   0.09756   1.43E-01   1.60E-02  6.48E-01  7.10E-02
120.5 	16.49 	1.263 	0.6472   0.3551   0.09636   1.49E-01   1.69E-02  6.42E-01  7.03E-02
121.0 	16.36 	1.257 	0.6384   0.3505   0.09518   1.56E-01   1.79E-02  6.35E-01  6.97E-02
121.5 	16.22 	1.251 	0.6297   0.3459   0.09402   1.63E-01   1.88E-02  6.28E-01  6.90E-02
122.0 	16.08 	1.246 	0.6212   0.3414   0.09287   1.70E-01   1.99E-02  6.21E-01  6.83E-02
122.5 	15.94 	1.240 	0.6129   0.3370   0.09174   1.77E-01   2.09E-02  6.14E-01  6.75E-02
123.0 	15.82 	1.234 	0.6046   0.3326   0.09063   1.85E-01   2.20E-02  6.07E-01  6.68E-02
123.5 	15.69 	1.228 	0.5965   0.3283   0.08954   1.92E-01   2.31E-02  6.00E-01  6.60E-02
124.0  15.580000    1.222000    0.588500    0.324100    0.088460   0.200000   0.024200   0.592000   0.065300
124.1  15.554090    1.220758    0.586907    0.323258    0.088245   0.201621   0.024435   0.590546   0.065148
124.2  15.528180    1.219515    0.585319    0.322415    0.088030   0.203224   0.024674   0.589160   0.064989
124.3  15.502220    1.218292    0.583736    0.321572    0.087816   0.204816   0.024917   0.587799   0.064826
124.4  15.476180    1.217113    0.582163    0.320734    0.087602   0.206405   0.025159   0.586426   0.064662
124.5  15.450000    1.216000    0.580600    0.319900    0.087390   0.208000   0.025400   0.585000   0.064500
124.6  15.423680    1.214966    0.579049    0.319074    0.087179   0.209605   0.025637   0.583492   0.064342
124.7  15.397340    1.213984    0.577507    0.318252    0.086968   0.211216   0.025873   0.581914   0.064185
124.8  15.371170    1.213019    0.575970    0.317435    0.086758   0.212824   0.026110   0.580291   0.064028
124.9  15.345330    1.212037    0.574436    0.316618    0.086549   0.214421   0.026352   0.578645   0.063867
125.0  15.320000    1.211000    0.572900    0.315800    0.086340   0.216000   0.026600   0.577000   0.063700
125.1  15.295280    1.209884    0.571360    0.314980    0.086131   0.217557   0.026857   0.575375   0.063524
125.2  15.271090    1.208702    0.569818    0.314158    0.085922   0.219112   0.027120   0.573768   0.063343
125.3  15.247240    1.207478    0.568276    0.313336    0.085714   0.220688   0.027384   0.572174   0.063160
125.4  15.223600    1.206236    0.566735    0.312516    0.085507   0.222309   0.027645   0.570586   0.062977
125.5  15.200000    1.205000    0.565200    0.311700    0.085300   0.224000   0.027900   0.569000   0.062800
125.6  15.176300    1.203788    0.563671    0.310889    0.085094   0.225773   0.028145   0.567410   0.062630
125.7  15.152470    1.202594    0.562148    0.310084    0.084890   0.227600   0.028384   0.565815   0.062467
125.8  15.128490    1.201405    0.560629    0.309284    0.084686   0.229440   0.028619   0.564215   0.062309
125.9  15.104340    1.200211    0.559113    0.308489    0.084483   0.231253   0.028857   0.562610   0.062154
126.0  15.080000    1.199000    0.557600    0.307700    0.084280   0.233000   0.029100   0.561000   0.062000
126.1  15.055500    1.197765    0.556088    0.306916    0.084077   0.234653   0.029352   0.559386   0.061846
126.2  15.031030    1.196524    0.554580    0.306136    0.083875   0.236240   0.029611   0.557773   0.061690
126.3  15.006800    1.195301    0.553077    0.305358    0.083673   0.237800   0.029874   0.556167   0.061531
126.4  14.983050    1.194118    0.551583    0.304580    0.083472   0.239374   0.030138   0.554574   0.061368
126.5  14.960000    1.193000    0.550100    0.303800    0.083270   0.241000   0.030400   0.553000   0.061200
126.6  14.937770    1.191960    0.548629    0.303018    0.083069   0.242708   0.030658   0.551446   0.061026
126.7  14.916070    1.190974    0.547168    0.302234    0.082868   0.244486   0.030914   0.549892   0.060848
126.8  14.894470    1.190008    0.545713    0.301452    0.082668   0.246310   0.031171   0.548316   0.060666
126.9  14.872590    1.189028    0.544258    0.300673    0.082468   0.248156   0.031432   0.546693   0.060483
127.0  14.850000    1.188000    0.542800    0.299900    0.082270   0.250000   0.031700   0.545000   0.060300
127.5 	14.70 	1.182 	0.5355   0.2961   0.08129   2.59E-01   3.31E-02  5.36E-01  5.94E-02
128.0 	14.58 	1.176 	0.5284   0.2923   0.08032   2.68E-01   3.44E-02  5.28E-01  5.85E-02
128.5 	14.46 	1.171 	0.5213   0.2886   0.07937   2.77E-01   3.58E-02  5.19E-01  5.76E-02
129.0 	14.35 	1.165 	0.5144   0.2849   0.07842   2.86E-01   3.72E-02  5.11E-01  5.67E-02
129.5 	14.23 	1.159 	0.5075   0.2813   0.07750   2.95E-01   3.87E-02  5.02E-01  5.58E-02
130.0 	14.12 	1.154 	0.5008   0.2778   0.07658   3.05E-01   4.01E-02  4.93E-01  5.48E-02
130.5 	14.01 	1.148 	0.4942   0.2743   0.07568   3.14E-01   4.16E-02  4.84E-01  5.39E-02
131.0 	13.90 	1.143 	0.4877   0.2709   0.07479   3.24E-01   4.30E-02  4.76E-01  5.29E-02
131.5 	13.80 	1.137 	0.4813   0.2675   0.07391   3.33E-01   4.45E-02  4.67E-01  5.20E-02
132.0 	13.69 	1.132 	0.4749   0.2642   0.07304   3.43E-01   4.60E-02  4.58E-01  5.10E-02
132.5 	13.58 	1.126 	0.4687   0.2609   0.07219   3.53E-01   4.75E-02  4.49E-01  5.01E-02
133.0 	13.48 	1.121 	0.4626   0.2577   0.07135   3.63E-01   4.90E-02  4.40E-01  4.91E-02
133.5 	13.37 	1.115 	0.4566   0.2545   0.07052   3.73E-01   5.05E-02  4.31E-01  4.81E-02
134.0 	13.28 	1.110 	0.4506   0.2514   0.06970   3.83E-01   5.20E-02  4.21E-01  4.71E-02
134.5 	13.18 	1.105 	0.4448   0.2483   0.06890   3.92E-01   5.35E-02  4.12E-01  4.61E-02
135.0 	13.08 	1.100 	0.4390   0.2453   0.06810   4.03E-01   5.50E-02  4.03E-01  4.52E-02
135.5 	12.98 	1.095 	0.4333   0.2423   0.06731   4.13E-01   5.65E-02  3.94E-01  4.42E-02
136.0 	12.88 	1.090 	0.4277   0.2393   0.06654   4.23E-01   5.80E-02  3.85E-01  4.32E-02
136.5 	12.78 	1.085 	0.4221   0.2364   0.06577   4.33E-01   5.94E-02  3.76E-01  4.22E-02
137.0 	12.68 	1.080 	0.4167   0.2336   0.06502   4.43E-01   6.09E-02  3.67E-01  4.12E-02
137.5 	12.60 	1.076 	0.4113   0.2307   0.06428   4.53E-01   6.23E-02  3.58E-01  4.02E-02
138.0 	12.50 	1.071 	0.4060   0.2279   0.06355   4.63E-01   6.37E-02  3.49E-01  3.93E-02
138.5 	12.40 	1.066 	0.4008   0.2252   0.06282   4.73E-01   6.51E-02  3.40E-01  3.83E-02
139.0 	12.31 	1.062 	0.3957   0.2225   0.06211   4.83E-01   6.64E-02  3.31E-01  3.73E-02
139.5 	12.22 	1.057 	0.3907   0.2198   0.06141   4.93E-01   6.77E-02  3.22E-01  3.63E-02
140.0 	12.13 	1.052 	0.3857   0.2172   0.06072   5.03E-01   6.90E-02  3.14E-01  3.54E-02
141.0 	11.95 	1.043 	0.3761   0.2121   0.05937   5.23E-01   7.15E-02  2.96E-01  3.35E-02
142.0 	11.78 	1.033 	0.3669   0.2071   0.05807   5.43E-01   7.38E-02  2.79E-01  3.16E-02
143.0 	11.60 	1.023 	0.3579   0.2023   0.05680   5.63E-01   7.59E-02  2.63E-01  2.97E-02
144.0 	11.44 	1.013 	0.3491   0.1976   0.05556   5.83E-01   7.78E-02  2.46E-01  2.79E-02
145.0 	11.27 	1.004 	0.3406   0.1930   0.05435   6.02E-01   7.94E-02  2.30E-01  2.61E-02
146.0 	11.12 	0.9951  0.3321   0.1884   0.05316   6.21E-01   8.08E-02  2.15E-01  2.44E-02
147.0 	10.96 	0.9866  0.3238   0.1840   0.05200   6.40E-01   8.18E-02  2.00E-01  2.27E-02
148.0 	10.80 	0.9782  0.3157   0.1796   0.05087   6.60E-01   8.25E-02  1.85E-01  2.11E-02
149.0 	10.65 	0.9699  0.3078   0.1754   0.04976   6.79E-01   8.28E-02  1.70E-01  1.94E-02
150.0 	10.50 	0.9617  0.3001   0.1713   0.04869   6.98E-01   8.27E-02  1.56E-01  1.78E-02
151.0 	10.36 	0.9529  0.2928   0.1674   0.04765   7.17E-01   8.21E-02  1.43E-01  1.63E-02
152.0 	10.21 	0.9441  0.2856   0.1636   0.04663   7.36E-01   8.09E-02  1.29E-01  1.48E-02
153.0 	10.07 	0.9353  0.2785   0.1599   0.04564   7.56E-01   7.92E-02  1.16E-01  1.33E-02
154.0 	9.934 	0.9266  0.2715   0.1562   0.04468   7.75E-01   7.67E-02  1.04E-01  1.19E-02
155.0 	9.795 	0.9180  0.2646   0.1525   0.04374   7.95E-01   7.35E-02  9.17E-02  1.05E-02
156.0 	9.655 	0.9095  0.2569   0.1484   0.04283   8.16E-01   6.93E-02  7.96E-02  9.16E-03
157.0 	9.514 	0.9013  0.2494   0.1444   0.04194   8.38E-01   6.41E-02  6.78E-02  7.81E-03
158.0 	9.367 	0.8934  0.2422   0.1405   0.04108   8.61E-01   5.76E-02  5.62E-02  6.48E-03
159.0 	9.225 	0.8859  0.2354   0.1368   0.04024   8.85E-01   4.99E-02  4.48E-02  5.18E-03
160.0 	9.080 	0.8787  0.2291   0.1334   0.03942   9.08E-01   4.15E-02  3.43E-02  3.96E-03
162.0 	8.770 	0.8676  0.2209   0.1289   0.03783   9.43E-01   2.82E-02  1.96E-02  2.27E-03
164.0 	8.465 	0.8571  0.2140   0.1252   0.03632   9.57E-01   2.31E-02  1.35E-02  1.57E-03
166.0 	8.190 	0.8453  0.2063   0.1208   0.03488   9.62E-01   2.18E-02  1.06E-02  1.24E-03
168.0 	7.952 	0.8316  0.1973   0.1157   0.03350   9.64E-01   2.22E-02  8.99E-03  1.05E-03
170.0 	7.729 	0.8173  0.1883   0.1106   0.03219   9.64E-01   2.36E-02  7.87E-03  9.19E-04
172.0 	7.515 	0.8029  0.1802   0.1060   0.03094   9.63E-01   2.61E-02  7.05E-03  8.25E-04
174.0 	7.310 	0.7885  0.1726   0.1016   0.02975   9.60E-01   2.98E-02  6.40E-03  7.51E-04
176.0 	7.112 	0.7744  0.1653   0.09732  0.02862   9.56E-01   3.54E-02  5.86E-03  6.90E-04
178.0 	6.923 	0.7609  0.1585   0.09310  0.02755   9.47E-01   4.44E-02  5.40E-03  6.36E-04
180.0 	6.739 	0.7480  0.1521   0.08917  0.02652   9.32E-01   6.02E-02  4.97E-03  5.87E-04
182.0 	6.553 	0.7361  0.1465   0.08589  0.02553   9.03E-01   9.00E-02  4.51E-03  5.34E-04
184.0 	6.379 	0.7248  0.1413   0.08286  0.02459   8.62E-01   1.31E-01  4.05E-03  4.81E-04
186.0 	6.212 	0.7139  0.1360   0.07981  0.02370   8.28E-01   1.66E-01  3.67E-03  4.37E-04
188.0 	6.050 	0.7032  0.1305   0.07668  0.02286   8.03E-01   1.91E-01  3.38E-03  4.03E-04
190.0 	5.896 	0.6925  0.1253   0.07366  0.02206   7.86E-01   2.09E-01  3.15E-03  3.76E-04
192.0 	5.751 	0.6812  0.1205   0.07089  0.02128   7.72E-01   2.23E-01  2.95E-03  3.53E-04
194.0 	5.616 	0.6699  0.1160   0.06826  0.02052   7.61E-01   2.34E-01  2.78E-03  3.33E-04
196.0 	5.487 	0.6587  0.1116   0.06573  0.01981   7.53E-01   2.43E-01  2.63E-03  3.16E-04
198.0 	5.364 	0.6478  0.1073   0.06330  0.01913   7.46E-01   2.50E-01  2.50E-03  3.01E-04
200.0 	5.249 	0.6371  0.1032   0.06096  0.01849   7.41E-01   2.55E-01  2.38E-03  2.87E-04
202.0 	5.136 	0.6267  0.09932  0.05872  0.01787   7.36E-01   2.60E-01  2.27E-03  2.75E-04
204.0 	5.027 	0.6164  0.09563  0.05658  0.01727   7.32E-01   2.65E-01  2.18E-03  2.63E-04
206.0 	4.924 	0.6064  0.09212  0.05453  0.01670   7.28E-01   2.68E-01  2.09E-03  2.53E-04
208.0 	4.822 	0.5965  0.08877  0.05256  0.01615   7.25E-01   2.71E-01  2.00E-03  2.43E-04
210.0 	4.723 	0.5869  0.08557  0.05068  0.01562   7.23E-01   2.74E-01  1.92E-03  2.34E-04
212.0 	4.630 	0.5775  0.08248  0.04887  0.01512   7.21E-01   2.76E-01  1.85E-03  2.25E-04
214.0 	4.539 	0.5684  0.07953  0.04713  0.01463   7.19E-01   2.78E-01  1.78E-03  2.18E-04
216.0 	4.454 	0.5594  0.07671  0.04547  0.01417   7.17E-01   2.80E-01  1.72E-03  2.10E-04
218.0 	4.369 	0.5506  0.07400  0.04388  0.01373   7.15E-01   2.82E-01  1.66E-03  2.03E-04
220.0 	4.288 	0.5420  0.07142  0.04235  0.01330   7.14E-01   2.84E-01  1.60E-03  1.96E-04
222.0 	4.207 	0.5335  0.06895  0.04089  0.01289   7.12E-01   2.85E-01  1.55E-03  1.90E-04
224.0 	4.128 	0.5252  0.06658  0.03949  0.01251   7.11E-01   2.86E-01  1.50E-03  1.84E-04
226.0 	4.053 	0.5170  0.06432  0.03814  0.01213   7.10E-01   2.87E-01  1.45E-03  1.78E-04
228.0 	3.980 	0.5089  0.06214  0.03684  0.01178   7.09E-01   2.88E-01  1.40E-03  1.73E-04
230.0 	3.908 	0.5011  0.06006  0.03560  0.01143   7.08E-01   2.89E-01  1.36E-03  1.68E-04
232.0 	3.839 	0.4934  0.05805  0.03439  0.01110   7.07E-01   2.90E-01  1.32E-03  1.63E-04
234.0 	3.771 	0.4859  0.05611  0.03323  0.01077   7.06E-01   2.91E-01  1.28E-03  1.58E-04
236.0 	3.707 	0.4785  0.05425  0.03210  0.01046   7.06E-01   2.92E-01  1.24E-03  1.54E-04
238.0 	3.643 	0.4712  0.05247  0.03103  0.01016   7.05E-01   2.93E-01  1.20E-03  1.50E-04
240.0 	3.581 	0.4641  0.05075  0.02999  0.009873  7.04E-01   2.94E-01  1.17E-03  1.45E-04
242.0 	3.523 	0.4572  0.04909  0.02900  0.009597  7.04E-01   2.94E-01  1.13E-03  1.42E-04
244.0 	3.468 	0.4503  0.04750  0.02805  0.009331  7.03E-01   2.95E-01  1.10E-03  1.38E-04
246.0 	3.414 	0.4436  0.04597  0.02713  0.009076  7.02E-01   2.96E-01  1.07E-03  1.34E-04
248.0 	3.362 	0.4369  0.04450  0.02625  0.008830  7.02E-01   2.96E-01  1.04E-03  1.31E-04
250.0 	3.312 	0.4304  0.04308  0.02540  0.008593  7.01E-01   2.97E-01  1.01E-03  1.27E-04
252.0 	3.261 	0.4239  0.04171  0.02458  0.008363  7.01E-01   2.97E-01  9.87E-04  1.24E-04
254.0 	3.212 	0.4174  0.04040  0.02379  0.008142  7.00E-01   2.98E-01  9.61E-04  1.21E-04
256.0 	3.164 	0.4111  0.03913  0.02302  0.007928  7.00E-01   2.98E-01  9.36E-04  1.18E-04
258.0 	3.118 	0.4049  0.03791  0.02229  0.007722  6.99E-01   2.99E-01  9.12E-04  1.15E-04
260.0 	3.072 	0.3988  0.03674  0.02158  0.007524  6.99E-01   2.99E-01  8.89E-04  1.12E-04
262.0 	3.028 	0.3931  0.03561  0.02089  0.007333  6.98E-01   3.00E-01  8.67E-04  1.10E-04
264.0 	2.984 	0.3875  0.03451  0.02023  0.007149  6.98E-01   3.00E-01  8.46E-04  1.07E-04
266.0 	2.944 	0.3821  0.03346  0.01960  0.006972  6.98E-01   3.01E-01  8.25E-04  1.05E-04
268.0 	2.903 	0.3767  0.03244  0.01898  0.006801  6.97E-01   3.01E-01  8.05E-04  1.02E-04
270.0 	2.864 	0.3715  0.03146  0.01839  0.006636  6.97E-01   3.02E-01  7.86E-04  1.00E-04
272.0 	2.828 	0.3663  0.03050  0.01782  0.006476  6.96E-01   3.02E-01  7.68E-04  9.79E-05
274.0 	2.793 	0.3611  0.02958  0.01727  0.006322  6.96E-01   3.02E-01  7.50E-04  9.58E-05
276.0 	2.760 	0.3560  0.02869  0.01675  0.006173  6.96E-01   3.03E-01  7.33E-04  9.37E-05
278.0 	2.728 	0.3510  0.02783  0.01624  0.006028  6.95E-01   3.03E-01  7.16E-04  9.17E-05
280.0 	2.696 	0.3461  0.02700  0.01575  0.005889  6.95E-01   3.04E-01  7.00E-04  8.98E-05
282.0 	2.664 	0.3413  0.02621  0.01528  0.005754  6.95E-01   3.04E-01  6.84E-04  8.79E-05
284.0 	2.633 	0.3365  0.02545  0.01482  0.005623  6.94E-01   3.04E-01  6.69E-04  8.61E-05
286.0 	2.603 	0.3318  0.02472  0.01438  0.005497  6.94E-01   3.05E-01  6.55E-04  8.43E-05
288.0 	2.574 	0.3271  0.02401  0.01396  0.005374  6.94E-01   3.05E-01  6.41E-04  8.26E-05
290.0 	2.546 	0.3226  0.02333  0.01355  0.005256  6.93E-01   3.05E-01  6.27E-04  8.09E-05
295.0 	2.480 	0.3116  0.02168  0.01257  0.004975  6.92E-01   3.06E-01  5.95E-04  7.70E-05
300.0 	2.422 	0.3011  0.02018  0.01169  0.004719  6.92E-01   3.07E-01  5.65E-04  7.34E-05
305.0 	2.369 	0.2908  0.00000  0.00000  0.00000   6.91E-01   3.08E-01  5.37E-04  7.00E-05
310.0 	2.322 	0.2809  0.00000  0.00000  0.00000   6.90E-01   3.08E-01  5.12E-04  6.68E-05
315.0 	2.281 	0.2716  0.00000  0.00000  0.00000   6.90E-01   3.09E-01  4.88E-04  6.39E-05
320.0 	2.247 	0.2627  0.00000  0.00000  0.00000   6.89E-01   3.09E-01  4.66E-04  6.12E-05
325.0 	2.221 	0.2539  0.00000  0.00000  0.00000   6.89E-01   3.10E-01  4.45E-04  5.86E-05
330.0 	2.204 	0.2453  0.00000  0.00000  0.00000   6.88E-01   3.10E-01  4.26E-04  5.63E-05
335.0 	2.195 	0.2368  0.00000  0.00000  0.00000   6.87E-01   3.11E-01  4.09E-04  5.41E-05
340.0 	2.198 	0.2286  0.00000  0.00000  0.00000   6.87E-01   3.11E-01  3.92E-04  5.20E-05
345.0 	2.225 	0.2206  0.00000  0.00000  0.00000   6.85E-01   3.11E-01  3.77E-04  5.02E-05
350.0 	2.306 	0.2132  0.00000  0.00000  0.00000   6.76E-01   3.07E-01  3.57E-04  4.76E-05
360.0 	2.361 	0.2018  0.00000  0.00000  0.00000   6.51E-01   2.97E-01  3.15E-04  4.23E-05
370.0 	2.341 	0.1910  0.00000  0.00000  0.00000   6.28E-01   2.87E-01  2.81E-04  3.78E-05
380.0 	2.266 	0.1808  0.00000  0.00000  0.00000   6.09E-01   2.79E-01  2.52E-04  3.40E-05
390.0 	2.158 	0.1712  0.00000  0.00000  0.00000   5.94E-01   2.73E-01  2.28E-04  3.09E-05
400.0 	2.032 	0.1620  0.00000  0.00000  0.00000   5.82E-01   2.69E-01  2.08E-04  2.84E-05
420.0 	1.756 	0.1451  0.00000  0.00000  0.00000   5.64E-01   2.63E-01  1.76E-04  2.43E-05
440.0 	1.482 	0.1304  0.00000  0.00000  0.00000   5.54E-01   2.60E-01  1.53E-04  2.12E-05
450.0 	1.3595	0.12375 0.00000  0.00000  0.00000   5.515E-01  2.595E-01 1.44E-04  2.00E-05 
460.0 	1.237 	0.1171  0.00000  0.00000  0.00000   5.49E-01   2.59E-01  1.35E-04  1.88E-05
480.0 	1.026 	0.1054  0.00000  0.00000  0.00000   5.46E-01   2.59E-01  1.20E-04  1.69E-05
500.0 	0.8491	0.09497 0.00000  0.00000  0.00000   5.46E-01   2.61E-01  1.08E-04  1.53E-05
520.0 	0.7006	0.08568 0.00000  0.00000  0.00000   5.47E-01   2.62E-01  9.80E-05  1.40E-05
540.0 	0.5782	0.07746 0.00000  0.00000  0.00000   5.49E-01   2.65E-01  8.95E-05  1.28E-05
550.0 	0.52765 0.07378 0.00000  0.00000  0.00000   5.5505E-01 2.66E-01  8.58E-05  1.23E-05
560.0 	0.4771	0.07010 0.00000  0.00000  0.00000   5.52E-01   2.67E-01  8.21E-05  1.18E-05
580.0 	0.3944	0.06353 0.00000  0.00000  0.00000   5.55E-01   2.70E-01  7.57E-05  1.10E-05
600.0 	0.3267	0.05771 0.00000  0.00000  0.00000   5.58E-01   2.72E-01  7.00E-05  1.02E-05
620.0 	0.2713	0.05246 0.00000  0.00000  0.00000   5.62E-01   2.75E-01  6.50E-05  9.53E-06
640.0 	0.2257	0.04776 0.00000  0.00000  0.00000   5.66E-01   2.77E-01  6.05E-05  8.91E-06
660.0 	0.1883	0.04356 0.00000  0.00000  0.00000   5.69E-01   2.80E-01  5.64E-05  8.35E-06
680.0 	0.1574	0.03977 0.00000  0.00000  0.00000   5.73E-01   2.82E-01  5.27E-05  7.84E-06
700.0 	0.1320	0.03637 0.00000  0.00000  0.00000   5.77E-01   2.85E-01  4.94E-05  7.37E-06
720.0 	0.1109	0.03330 0.00000  0.00000  0.00000   5.81E-01   2.87E-01  4.63E-05  6.94E-06
740.0 	0.09335 0.03052 0.00000  0.00000  0.00000   5.84E-01   2.89E-01  4.34E-05  6.55E-06
760.0 	0.07883 0.02805 0.00000  0.00000  0.00000   5.88E-01   2.91E-01  4.08E-05  6.18E-06
780.0 	0.06668 0.02580 0.00000  0.00000  0.00000   5.91E-01   2.93E-01  3.84E-05  5.83E-06
800.0 	0.05655 0.02373 0.00000  0.00000  0.00000   5.94E-01   2.95E-01  3.62E-05  5.52E-06
820.0 	0.04806 0.02188 0.00000  0.00000  0.00000   5.97E-01   2.97E-01  3.41E-05  5.22E-06
840.0 	0.04089 0.02018 0.00000  0.00000  0.00000   6.01E-01   2.99E-01  3.21E-05  4.94E-06
860.0 	0.03490 0.01864 0.00000  0.00000  0.00000   6.04E-01   3.01E-01  3.03E-05  4.67E-06
880.0 	0.02982 0.01724 0.00000  0.00000  0.00000   6.06E-01   3.03E-01  2.86E-05  4.42E-06
900.0 	0.02555 0.01597 0.00000  0.00000  0.00000   6.09E-01   3.04E-01  2.70E-05  4.19E-06
920.0 	0.02193 0.01479 0.00000  0.00000  0.00000   6.12E-01   3.06E-01  2.55E-05  3.97E-06
940.0 	0.01885 0.01375 0.00000  0.00000  0.00000   6.14E-01   3.07E-01  2.41E-05  3.76E-06
960.0 	0.01624 0.01275 0.00000  0.00000  0.00000   6.17E-01   3.08E-01  2.27E-05  3.56E-06
980.0 	0.01400 0.01186 0.00000  0.00000  0.00000   6.19E-01   3.10E-01  2.15E-05  3.38E-06
1000.0 	0.01210 0.01104 0.00000  0.00000  0.00000   6.21E-01   3.11E-01  2.03E-05  3.20E-06
